-0.019226 
-0.051270   
-0.083008
-0.112610 
-0.144958
-0.175781
-0.204773
-0.231323 
-0.259705
-0.287170
-0.310669
-0.335083 
-0.356140
-0.377197
-0.396118
-0.415344 
-0.430908
-0.444946
-0.458679
-0.470276 
-0.478516
-0.489502
-0.497131
-0.495605 
-0.499268
-0.495911
-0.493164
-0.488281 
-0.483398
-0.473328
-0.466003
-0.454407 
-0.440063
-0.423584
-0.406189
-0.387268 
-0.365601    
-0.344238    
-0.322266    
-0.294189 
-0.270996    
-0.243835    
-0.214539    
-0.183411 
-0.155945    
-0.125732    
-0.095825    
-0.065002 
-0.032959    
-0.000305     
0.028992     
0.059509 
0.089111     
0.122070     
0.152283     
0.182495 
0.213318     
0.242004     
0.268250     
0.291443 
0.316162     
0.340881     
0.365906     
0.384827 
0.406494     
0.424194     
0.440369     
0.451050 
0.463867     
0.475464     
0.485229     
0.493164 
0.498657     
0.500488     
0.502014     
0.500488 
0.495911     
0.491943     
0.485840     
0.477905 
0.466614     
0.455322     
0.440369     
0.426025 
0.404663     
0.386353     
0.367737     
0.346680 
0.322266     
0.296631     
0.271606     
0.246277 

